184 270
186 295
189 320
194 345
204 369
221 390
241 408
264 422
288 427
312 421
336 406
357 386
373 364
383 338
385 309
387 281
387 252
193 247
201 230
219 221
239 217
259 220
295 216
315 209
338 210
358 218
370 235
278 248
279 264
279 281
280 298
259 312
270 315
282 318
294 313
306 309
217 259
227 251
240 249
254 257
241 259
228 260
308 253
321 243
335 241
348 249
336 252
322 252
233 342
249 331
268 328
283 330
298 327
320 328
338 338
322 359
301 370
286 373
270 371
250 362
238 342
269 335
284 336
299 334
334 338
300 359
285 361
269 360